 25    21    41    54
 25   118    41    53
 25   215    41    53
 25   310    41    52
 25   405    41    54
 25   500    41    53
 25   595    41    53
 25   692    41    52

 25    21    41    54
 25   118    41    53
 25   215    41    53
 25   310    41    52
 25   405    41    54
 25   500    41    53
 25   595    41    53
 25   692    41    52

 25    21    41    54
 25   118    41    53
 25   215    41    53
 25   310    41    52
 25   405    41    54
 25   500    41    53
 25   595    41    53
 25   692    41    52

 25    21    41    54
 25   118    41    53
 25   215    41    53
 25   310    41    52
 25   405    41    54
 25   500    41    53
 25   595    41    53
 25   692    41    52

 25    21    41    54
 25   118    41    53
 25   215    41    53
 25   310    41    52
 25   405    41    54
 25   500    41    53
 25   595    41    53
 25   692    41    52

 25    21    41    54
 25   118    41    53
 25   215    41    53
 25   310    41    52
 25   405    41    54
 25   500    41    53
 25   595    41    53
 25   692    41    52

 25    21    41    54
 25   118    41    53
 25   215    41    53
 25   310    41    52
 25   405    41    54
 25   500    41    53
 25   595    41    53
 25   692    41    52

 25    21    41    54
 25   118    41    53
 25   215    41    53
 25   310    41    52
 25   405    41    54
 25   500    41    53
 25   595    41    53
 25   692    41    52