 73   209    34    32

  5   145    36    32
 70   144    35    33
134   144    35    33
198   144    35    33
261   145    36    32
325   146    36    31
389   145    36    32
452   144    38    33
516   144    38    33
580   144    38    33
645   145    37    32
709   146    37    31

  5   145    36    32
 70   144    35    33
134   144    35    33
198   144    35    33
261   145    36    32
325   146    36    31
389   145    36    32
452   144    38    33
516   144    38    33
580   144    38    33
645   145    37    32
709   146    37    31

  5   145    36    32
 70   144    35    33
134   144    35    33
198   144    35    33
261   145    36    32
325   146    36    31
389   145    36    32
452   144    38    33
516   144    38    33
580   144    38    33
645   145    37    32
709   146    37    31

  9   208    33    33
 73   209    34    32
137   209    35    32
201   208    34    33

  9    79    32    34
 73    80    32    33
137    81    31    32
201    84    35    29
265    83    37    30
329    82    38    31
393   106    42     7
457   105    42     8
521   105    42     8
585   105    42     8
649   105    42     8
713   105    42     8
777   105    42     8

 73   209    34    32

 73   209    34    32