 22   400    28    37
 86   399    28    38

 21   469    32    31
 82   469    36    31
146   469    35    31
211   469    32    31
275   469    28    31
337   469    28    31
402   469    30    31
467   469    32    31

 19   277    28    31
 81   277    30    31
147   277    28    29
211   277    28    29
275   277    28    30
339   277    28    30
403   277    28    30
467   277    28    30
 19   341    32    31
 83   341    32    31

 22    16    28    37
 88    16    27    37
152    11    25    42
216    11    25    42
280     6    25    47
344    11    33    42
408    11    28    42
472    11    25    42
 24    75    25    42
 88    75    25    42
152    80    27    37

 22   400    28    37
 86   399    28    38

 86   399    28    38
 
 86   399    28    38 

 86   399    28    38 