 15 6 17 29
 65 5 17 30
115 5 17 30
165 6 17 29

 13 44 23 28
 61 45 25 27
110 47 26 25
160 44 25 28
210 45 26 27
260 47 26 25

 10 85 27 24
 64 87 20 22
117 80 17 28
162 79 26 27
210 79 24 25
260 74 26 31
313 74 24 31
359 74 26 31
410 85 27 24
464 87 20 22

 12 157 20 26
 64 156 20 27
111 150 23 33
157 154 40 29
200 162 37 21
252 161 31 22
300 161 33 22
361 150 23 33
414 155 20 28
461 155 21 28
 14 191 18 29

 11 236 22 21
 61 235 22 22
161 236 22 21
212 236 22 21
264 236 20 21
312 236 22 21

 13 266 23 28
 59 270 28 24
105 270 32 24
159 270 28 24
208 270 29 24

  9 303 27 28
 55 307 32 24
101 307 36 24
155 307 32 24
204 307 33 24

 15 340 17 28
 63 343 20 25
113 345 23 23
163 346 23 22
207 356 36 12